GRAPH
6092 1146 14290 13454
6092 1146 1635 11078
6092 1146 11960 2644
6092 1146 3774 2054
6092 1146 14895 7483
6092 1146 8077 9702
6092 1146 4961 10740
14290 13454 15989 1713
14290 13454 4961 10740
14290 13454 5852 5799
14290 13454 181 2554
15989 1713 8077 9702
15989 1713 181 2554
15989 1713 11960 2644
15989 1713 14369 9822
15989 1713 14895 7483
4961 10740 2017 3762
4961 10740 14369 9822
4961 10740 8260 4810
4961 10740 11960 2644
4961 10740 963 14574
4961 10740 1635 11078
2017 3762 3774 2054
2017 3762 10622 5332
1635 11078 13632 5770
1635 11078 181 2554
1635 11078 10622 5332
11960 2644 10622 5332
11960 2644 8077 9702
11960 2644 14369 9822
11960 2644 181 2554
8077 9702 5852 5799
8077 9702 4842 13179
8077 9702 3774 2054
8077 9702 14369 9822
13632 5770 963 14574
13632 5770 4842 13179
13632 5770 24 5838
963 14574 24 5838
5852 5799 4842 13179
5852 5799 181 2554
10622 5332 24 5838
10622 5332 14895 7483
14369 9822 3774 2054
181 2554 3560 8084
181 2554 4842 13179
181 2554 3774 2054
24 5838 3774 2054
24 5838 3560 8084
4842 13179 14895 7483
